3       40      [1.106149e+04 1.023000e+01 1.137270e+03]        [1.300e+04 1.200e+01 3.731e+03]
4       40      [9.820525e+03 9.106000e+00 1.466690e+03]        [1.300e+04 1.200e+01 3.731e+03]
5       40      [8.66903e+03 8.06050e+00 1.73617e+03]           [1.300e+04 1.200e+01 3.764e+03]
6       40      [6.884035e+03 6.437500e+00 1.915085e+03]        [1.2987e+04 1.2000e+01 3.7640e+03]
7       40      [5.98226e+03 5.65800e+00 1.72083e+03]           [1.2987e+04 1.2000e+01 3.7640e+03]
8       40      [5.109805e+03 4.892000e+00 1.514570e+03]        [1.2987e+04 1.2000e+01 3.7640e+03]
9       40      [4.320525e+03 4.199500e+00 1.331720e+03]        [1.2987e+04 1.2000e+01 3.7640e+03]
10      40      [3.947815e+03 3.874000e+00 1.234630e+03]        [1.2858e+04 1.2000e+01 3.7640e+03]
11      40      [3.37809e+03 3.36450e+00 1.08619e+03]           [1.2858e+04 1.2000e+01 3.7640e+03]
12      40      [2531.485     2.5765  843.53  ]                 [1.2858e+04 1.2000e+01 3.7640e+03]
13      40      [1899.685     1.9715  657.37  ]                 [11606.     11.9  3764. ]         
14      40      [1899.685     1.9715  657.37  ]                 [11606.     11.9  3764. ]         
15      40      [1970.62     2.048  681.955]                    [11606.     11.9  3764. ]         
16      40      [1966.61      2.0595  687.065 ]                 [11606.     11.9  3764. ]         
17      40      [2037.195     2.1315  711.745 ]                 [11606.     11.9  3764. ]         
18      40      [2076.675    2.178  727.775]                    [11656.     11.9  3764. ]         
19      40      [2134.86      2.2305  746.125 ]                 [11656.     11.9  3764. ]         
20      40      [2221.065     2.3305  781.495 ]                 [11656.     11.9  3764. ]         
21      40      [2231.88      2.3405  783.535 ]                 [11656.     11.9  3764. ]         
22      40      [2212.655    2.313  775.54 ]                    [11656.     11.9  3764. ]         
23      40      [2221.21      2.3255  780.185 ]                 [11656.     11.9  3764. ]         
24      40      [2224.765     2.3345  785.41  ]                 [11656.     11.9  3764. ]         
25      40      [2265.195     2.3705  798.81  ]                 [11656.     11.9  3764. ]         
26      40      [2213.045    2.316  783.19 ]                    [11656.     11.9  3764. ]         
27      40      [2272.2       2.3665  799.54  ]                 [11656.     11.9  3764. ]         
28      40      [2287.37      2.3885  806.455 ]                 [11656.     11.9  3764. ]         
29      40      [2347.265    2.442  824.04 ]                    [1.2624e+04 1.1900e+01 3.7640e+03]
30      40      [2454.34     2.567  867.835]                    [1.2624e+04 1.1900e+01 3.7640e+03]
31      40      [2466.04      2.5765  872.61  ]                 [1.2624e+04 1.1900e+01 3.7640e+03]
32      40      [2615.36      2.7545  933.33  ]                 [1.2624e+04 1.1900e+01 3.7640e+03]
33      40      [2479.98     2.621  898.305]                    [1.2624e+04 1.1900e+01 3.7640e+03]
34      40      [2560.41     2.702  924.79 ]                    [1.2624e+04 1.1900e+01 3.7640e+03]
35      40      [2645.945    2.785  951.025]                    [1.2624e+04 1.1900e+01 3.7640e+03]
36      40      [2425.16     2.557  876.025]                    [1.2624e+04 1.1900e+01 3.7640e+03]
37      40      [2431.31      2.5705  878.65  ]                 [1.2624e+04 1.1900e+01 3.7640e+03]
38      40      [2446.955     2.6215  895.87  ]                 [1.2624e+04 1.1900e+01 3.7640e+03]
39      40      [2490.19      2.6755  914.43  ]                 [1.2624e+04 1.1900e+01 3.7640e+03]
40      40      [2527.19     2.713  926.83 ]                    [1.2624e+04 1.1900e+01 3.7640e+03]
41      40      [2660.54     2.846  973.47 ]                    [1.2624e+04 1.1900e+01 3.7640e+03]
42      40      [2663.485    2.859  977.15 ]                    [1.2624e+04 1.1900e+01 3.7640e+03]
43      40      [2700.2      2.911  994.345]                    [1.2624e+04 1.1900e+01 3.7640e+03]
44      40      [2763.415     2.9805 1018.865 ]                 [1.2624e+04 1.1900e+01 3.7640e+03]
45      40      [2792.005    2.994 1024.405]                    [1.2624e+04 1.1900e+01 3.7640e+03]
46      40      [3013.865    3.221 1101.57 ]                    [1.2624e+04 1.1900e+01 3.7640e+03]
47      40      [3063.655     3.3025 1130.06  ]                 [1.2624e+04 1.1900e+01 3.7640e+03]
48      40      [3089.795     3.3375 1145.15  ]                 [1.2624e+04 1.1900e+01 3.7640e+03]
49      40      [3159.875    3.415 1176.215]                    [1.2624e+04 1.1900e+01 3.7640e+03]
50      40      [3176.565     3.4275 1186.84  ]                 [1.2624e+04 1.1900e+01 3.7640e+03]
51      40      [3159.34     3.401 1179.87 ]                    [1.2624e+04 1.1900e+01 3.7640e+03]
52      40      [3188.705     3.4305 1191.855 ]                 [1.2624e+04 1.1900e+01 3.7640e+03]
53      40      [3219.27      3.4735 1207.105 ]                 [1.2624e+04 1.1900e+01 3.7640e+03]
54      40      [3059.195     3.3495 1169.19  ]                 [1.2624e+04 1.1900e+01 3.7640e+03]
55      40      [3062.15      3.3675 1175.005 ]                 [1.2624e+04 1.1900e+01 3.7640e+03]
56      40      [3102.455     3.4215 1196.61  ]                 [1.2624e+04 1.1900e+01 3.7640e+03]
57      40      [3098.945    3.421 1196.87 ]                    [1.2624e+04 1.1900e+01 3.7640e+03]
58      40      [3024.605     3.3665 1177.65  ]                 [1.2624e+04 1.1900e+01 3.7640e+03]
59      40      [3031.28      3.3805 1182.64  ]                 [1.2624e+04 1.1900e+01 3.7640e+03]
60      40      [3040.89      3.4055 1192.535 ]                 [1.2624e+04 1.1900e+01 3.7640e+03]
61      40      [2991.13      3.3925 1191.665 ]                 [1.2624e+04 1.1900e+01 3.7640e+03]
62      40      [2993.005     3.3995 1194.16  ]                 [1.2624e+04 1.1900e+01 3.7640e+03]
63      40      [3164.       3.589 1256.295]                    [1.2624e+04 1.1900e+01 3.7640e+03]
64      40      [3040.82     3.491 1228.93 ]                    [1.2624e+04 1.1900e+01 3.7640e+03]
65      40      [2995.58      3.4675 1223.465 ]                 [1.2624e+04 1.1900e+01 3.7640e+03]
66      40      [3043.615     3.5375 1247.355 ]                 [1.2624e+04 1.1900e+01 3.7640e+03]
67      40      [3079.125     3.5885 1265.625 ]                 [1.2624e+04 1.1900e+01 3.7640e+03]
68      40      [3133.05    3.64 1282.04]                       [1.2624e+04 1.1900e+01 3.7640e+03]
69      40      [3173.155     3.7135 1308.355 ]                 [1.2624e+04 1.1900e+01 3.7640e+03]
70      40      [3255.09     3.817 1343.9  ]                    [1.2624e+04 1.1900e+01 3.7640e+03]
71      40      [3088.115    3.652 1291.55 ]                    [1.2624e+04 1.1900e+01 3.7640e+03]
72      40      [3249.875    3.823 1354.465]                    [1.2624e+04 1.1900e+01 3.7640e+03]
73      40      [3305.79      3.8955 1379.075 ]                 [1.2624e+04 1.1900e+01 3.7640e+03]
74      40      [3025.405    3.58  1271.49 ]                    [1.2624e+04 1.1900e+01 3.7640e+03]
75      40      [3104.965    3.678 1302.385]                    [1.2624e+04 1.1900e+01 3.7640e+03]
76      40      [2925.38     3.511 1251.04 ]                    [1.2624e+04 1.1900e+01 3.7640e+03]
77      40      [2938.145     3.5275 1259.285 ]                 [1.2624e+04 1.1900e+01 3.7640e+03]
78      40      [2976.83     3.572 1276.925]                    [1.2624e+04 1.1900e+01 3.7640e+03]
79      40      [3019.38     3.631 1300.14 ]                    [1.2624e+04 1.1900e+01 3.7640e+03]
80      40      [3083.365     3.6885 1321.615 ]                 [1.2624e+04 1.1900e+01 3.7640e+03]
81      40      [3056.145    3.684 1322.375]                    [1.2624e+04 1.1900e+01 3.7640e+03]
82      40      [3024.335    3.666 1317.26 ]                    [1.2624e+04 1.1900e+01 3.7640e+03]
83      40      [3088.12     3.723 1338.725]                    [11578.     11.9  3764. ]         
84      40      [3174.325    3.827 1371.435]                    [11578.     11.9  3764. ]         
85      40      [3205.705     3.8715 1387.865 ]                 [11578.     11.9  3764. ]         
86      40      [3205.705     3.8715 1387.865 ]                 [11578.     11.9  3764. ]         
87      40      [3305.965    3.981 1426.44 ]                    [11578.     11.9  3764. ]         
88      40      [3400.2      4.113 1471.995]                    [11578.     11.9  3764. ]         
89      40      [3410.245    4.144 1487.73 ]                    [11578.     11.9  3764. ]         
90      40      [3509.015     4.2705 1528.84  ]                 [11578.     11.9  3764. ]         
91      40      [3422.38     4.195 1505.11 ]                    [11578.     11.9  3764. ]         
92      40      [3475.545    4.258 1527.89 ]                    [11578.     11.9  3764. ]         
93      40      [3636.475    4.44  1591.16 ]                    [11578.     11.9  3764. ]         
94      40      [3750.65     4.582 1642.58 ]                    [11578.     11.9  3764. ]         
95      40      [3797.96     4.655 1667.1  ]                    [11578.     11.9  3764. ]         
96      40      [3788.06      4.6535 1669.78  ]                 [11578.     11.9  3764. ]         
97      40      [3805.1       4.6705 1677.44  ]                 [11578.     11.9  3764. ]         
98      40      [3830.8       4.7145 1693.34  ]                 [11578.     11.9  3764. ]         
99      40      [3882.545     4.7595 1708.63  ]                 [11578.     11.9  3764. ]         
100     40      [3938.755     4.8245 1733.3   ]                 [11578.     11.9  3764. ]         
101     40      [3874.05     4.721 1700.095]                    [11578.     11.9  3764. ]         
102     40      [3946.06     4.814 1734.41 ]                    [11578.     11.9  3764. ]         
103     40      [4039.925     4.9335 1778.825 ]                 [11578.     11.9  3764. ]         
104     40      [3896.43     4.809 1745.345]                    [11578.     11.9  3764. ]         
105     40      [3796.87     4.702 1717.775]                    [11578.     11.9  3764. ]         
106     40      [3833.16      4.7325 1728.94  ]                 [11578.     11.9  3764. ]         
107     40      [3893.665     4.8105 1752.135 ]                 [11578.     11.9  3764. ]         
108     40      [3942.34     4.866 1769.17 ]                    [11578.     11.9  3764. ]         
109     40      [3973.95     4.904 1780.5  ]                    [11578.     11.9  3764. ]         
110     40      [3878.11      4.8295 1762.01  ]                 [11578.     11.9  3764. ]         
111     40      [3882.795     4.8355 1765.01  ]                 [11578.     11.9  3764. ]         
112     40      [3884.925     4.8315 1766.27  ]                 [11578.     11.9  3764. ]         
113     40      [3872.88      4.7995 1757.265 ]                 [11578.     11.9  3764. ]         
114     40      [3932.8      4.859 1775.535]                    [11578.     11.9  3764. ]         
115     40      [3903.2      4.858 1777.69 ]                    [11578.     11.9  3764. ]         
116     40      [3820.705     4.7755 1748.81  ]                 [11578.     11.9  3764. ]         
117     40      [3940.45     4.895 1788.71 ]                    [11578.     11.9  3764. ]         
118     40      [3907.535     4.8755 1782.33  ]                 [11578.     11.9  3764. ]         
119     40      [3962.12     4.933 1800.575]                    [11578.     11.9  3764. ]         
120     40      [4024.72     5.026 1829.19 ]                    [11578.     11.9  3764. ]         
121     40      [4032.19      5.0215 1826.715 ]                 [11578.     11.9  3764. ]         
122     40      [4023.245    5.024 1829.66 ]                    [11578.     11.9  3764. ]         
123     40      [4023.245    5.024 1829.66 ]                    [11578.     11.9  3764. ]         
124     40      [4018.03     5.043 1836.055]                    [11578.     11.9  3764. ]         
125     40      [4012.36      5.0295 1833.81  ]                 [11578.     11.9  3764. ]         
126     40      [4047.96      5.0875 1854.39  ]                 [11578.     11.9  3764. ]         
127     40      [4019.695    5.047 1847.26 ]                    [11578.     11.7  3764. ]         
128     40      [4085.34      5.1055 1863.415 ]                 [11578.     11.7  3764. ]         
129     40      [4139.28     5.163 1883.965]                    [11578.     11.7  3764. ]         
130     40      [4137.495    5.162 1881.825]                    [11578.     11.7  3764. ]         
131     40      [4035.39     5.053 1850.625]                    [11578.     11.7  3764. ]         
132     40      [4108.885     5.1185 1876.4   ]                 [11578.     11.7  3764. ]         
133     40      [4058.5      5.074 1863.98 ]                    [11578.     11.7  3764. ]         
134     40      [4099.835     5.1185 1877.39  ]                 [11578.     11.7  3764. ]         
135     40      [4094.07     5.118 1876.385]                    [11578.     11.7  3764. ]         
136     40      [3951.465    4.988 1835.795]                    [11578.     11.7  3764. ]         
137     40      [3923.665    4.989 1835.75 ]                    [11578.     11.7  3764. ]         
138     40      [3924.105     4.9975 1839.565 ]                 [11578.     11.7  3764. ]         
139     40      [3949.73      5.0205 1847.805 ]                 [11578.     11.7  3764. ]         
140     40      [3896.045    4.942 1828.195]                    [11578.     11.7  3764. ]         
141     40      [3927.47     5.007 1847.66 ]                    [11578.     11.7  3764. ]         
142     40      [3927.47      5.0035 1846.28  ]                 [11578.     11.7  3764. ]         
143     40      [3928.305    5.012 1848.355]                    [11578.     11.7  3764. ]         
144     40      [3950.995     5.0585 1860.825 ]                 [11578.     11.7  3764. ]         
145     40      [3991.185    5.111 1878.675]                    [11578.     11.7  3764. ]         
146     40      [4025.855    5.15  1892.515]                    [11578.     11.7  3764. ]         
147     40      [4040.415     5.1725 1898.36  ]                 [11578.     11.7  3764. ]         
148     40      [4030.49      5.1405 1893.235 ]                 [11578.     11.7  3764. ]         
149     40      [3990.715     5.0675 1871.635 ]                 [11578.     11.7  3764. ]         
150     40      [4020.98      5.1335 1890.88  ]                 [11578.     11.7  3764. ]         
151     40      [3795.375     4.9265 1831.65  ]                 [11578.     11.7  3764. ]         
152     40      [3828.72      4.9825 1848.46  ]                 [11578.     11.7  3764. ]         
153     40      [3874.75     5.034 1869.01 ]                    [11578.     11.7  3764. ]         
154     40      [3930.89     5.089 1885.73 ]                    [11578.     11.7  3764. ]         
155     40      [4019.16     5.211 1922.75 ]                    [11578.     11.7  3764. ]         
156     40      [4092.53     5.282 1943.46 ]                    [11578.    12.  3849.]            
157     40      [4107.035    5.3   1949.72 ]                    [11578.    12.  3849.]            
158     40      [4136.12      5.3175 1956.305 ]                 [11578.    12.  3849.]            
159     40      [4031.71     5.163 1895.04 ]                    [11578.    12.  3849.]            
160     40      [4116.9       5.3075 1949.32  ]                 [11578.    12.  3849.]            
161     40      [4106.645    5.282 1945.57 ]                    [11578.    12.  3849.]            
162     40      [4091.805    5.261 1937.1  ]                    [11578.    12.  3849.]            
163     40      [4113.035    5.299 1948.575]                    [11578.    12.  3849.]            
164     40      [4181.67     5.363 1967.655]                    [11578.    12.  3849.]            
165     40      [4236.78      5.4385 1993.37  ]                 [11578.    12.  3849.]            
166     40      [4236.13     5.459 2001.03 ]                    [11578.    12.  3849.]            
167     40      [4227.11     5.445 1997.025]                    [11578.    12.  3849.]            
168     40      [4279.48      5.4745 2009.105 ]                 [1.2234e+04 1.2000e+01 3.9210e+03]
169     40      [4281.93      5.4885 2014.19  ]                 [1.2234e+04 1.2000e+01 3.9210e+03]
170     40      [4282.39      5.5025 2018.105 ]                 [1.2234e+04 1.2000e+01 3.9210e+03]
171     40      [4306.99      5.5385 2029.68  ]                 [1.2234e+04 1.2000e+01 3.9210e+03]
172     40      [4272.52      5.4965 2017.85  ]                 [1.2234e+04 1.2000e+01 3.9210e+03]
173     40      [4313.575     5.5355 2031.33  ]                 [1.2234e+04 1.2000e+01 3.9210e+03]
174     40      [4328.24      5.5795 2043.945 ]                 [1.2234e+04 1.2000e+01 3.9210e+03]
175     40      [4245.49     5.538 2031.48 ]                    [1.2234e+04 1.2000e+01 3.9210e+03]
176     40      [4227.775     5.5335 2027.775 ]                 [1.2234e+04 1.2000e+01 3.9210e+03]
177     40      [4216.2      5.508 2019.81 ]                    [1.2234e+04 1.2000e+01 3.9210e+03]
178     40      [4293.705    5.567 2039.65 ]                    [1.2234e+04 1.2000e+01 3.9210e+03]
179     40      [4312.55     5.584 2046.805]                    [1.2234e+04 1.2000e+01 3.9210e+03]
180     40      [4326.69     5.596 2049.18 ]                    [1.2234e+04 1.2000e+01 3.9210e+03]
181     40      [4374.645    5.66  2072.635]                    [1.2234e+04 1.2000e+01 3.9210e+03]
182     40      [4427.72      5.6915 2081.94  ]                 [1.2234e+04 1.2000e+01 3.9210e+03]
183     40      [4420.985     5.6885 2079.01  ]                 [1.2234e+04 1.2000e+01 3.9210e+03]
184     40      [4445.61     5.703 2086.15 ]                    [1.2234e+04 1.2000e+01 3.9210e+03]
185     40      [4487.08      5.7425 2101.67  ]                 [1.2234e+04 1.2000e+01 3.9210e+03]
186     40      [4499.41     5.728 2092.175]                    [1.229e+04 1.200e+01 3.921e+03]   
187     40      [4472.545     5.7245 2089.635 ]                 [1.229e+04 1.200e+01 3.921e+03]   
188     40      [4526.855     5.7825 2108.965 ]                 [1.229e+04 1.200e+01 3.921e+03]   
189     40      [4378.67     5.645 2069.12 ]                    [1.229e+04 1.200e+01 3.921e+03]   
190     40      [4319.76      5.5665 2047.34  ]                 [1.229e+04 1.200e+01 3.921e+03]   
191     40      [4338.765    5.582 2051.95 ]                    [1.229e+04 1.200e+01 3.921e+03]   
192     40      [4339.66     5.584 2053.045]                    [1.229e+04 1.200e+01 3.921e+03]   
193     40      [4376.24     5.614 2064.785]                    [1.229e+04 1.200e+01 3.921e+03]   
194     40      [4411.415    5.626 2076.26 ]                    [1.229e+04 1.200e+01 3.921e+03]   
195     40      [4439.405    5.653 2083.425]                    [1.229e+04 1.200e+01 3.921e+03]   
196     40      [4399.625     5.5695 2061.245 ]                 [1.229e+04 1.200e+01 3.921e+03]   
197     40      [4427.48     5.599 2072.145]                    [1.229e+04 1.200e+01 3.921e+03]   
198     40      [4562.31      5.7495 2117.145 ]                 [1.229e+04 1.200e+01 3.921e+03]   
199     40      [4383.69     5.574 2062.995]                    [1.229e+04 1.200e+01 3.921e+03]   
200     40      [4471.605     5.6415 2090.45  ]                 [1.229e+04 1.200e+01 3.921e+03]   
201     40      [4420.15      5.5815 2076.415 ]                 [1.229e+04 1.200e+01 3.921e+03]   
202     40      [4455.265     5.6105 2088.005 ]                 [1.229e+04 1.200e+01 3.921e+03]   
203     40      [4421.48      5.5865 2083.045 ]                 [1.229e+04 1.190e+01 3.997e+03]   
204     40      [4438.535     5.6125 2091.47  ]                 [1.229e+04 1.190e+01 3.997e+03]   
205     40      [4458.        5.6255 2098.98  ]                 [1.229e+04 1.190e+01 3.997e+03]   
206     40      [4431.495    5.604 2090.025]                    [1.229e+04 1.190e+01 3.997e+03]   
207     40      [4413.08     5.584 2084.945]                    [1.206e+04 1.190e+01 3.997e+03]   
208     40      [4409.545    5.587 2085.4  ]                    [1.206e+04 1.190e+01 3.997e+03]   
209     40      [4407.545     5.6045 2089.41  ]                 [1.206e+04 1.190e+01 3.997e+03]   
210     40      [4375.9       5.5605 2072.495 ]                 [1.206e+04 1.190e+01 3.997e+03]   
211     40      [4364.905    5.562 2071.825]                    [1.206e+04 1.190e+01 3.997e+03]   
212     40      [4357.33      5.5495 2068.85  ]                 [1.206e+04 1.190e+01 3.997e+03]   
213     40      [4345.35     5.503 2056.195]                    [1.2079e+04 1.1900e+01 4.0930e+03]
214     40      [4346.855     5.5085 2057.145 ]                 [1.2079e+04 1.1900e+01 4.0930e+03]
215     40      [4372.575    5.529 2066.905]                    [1.2079e+04 1.1900e+01 4.0930e+03]
216     40      [4424.875     5.5645 2082.36  ]                 [1.2079e+04 1.1900e+01 4.0930e+03]
217     40      [4478.4       5.6385 2107.205 ]                 [1.2079e+04 1.1900e+01 4.0930e+03]
218     40      [4416.53     5.556 2082.75 ]                    [1.2079e+04 1.1900e+01 4.0930e+03]
219     40      [4517.19      5.6375 2110.04  ]                 [1.2079e+04 1.1900e+01 4.0930e+03]
220     40      [4552.63     5.665 2118.665]                    [1.2079e+04 1.1900e+01 4.0930e+03]
221     40      [4600.315    5.675 2129.965]                    [1.2079e+04 1.1900e+01 4.0930e+03]
222     40      [4594.54      5.6475 2118.875 ]                 [1.2079e+04 1.1900e+01 4.0930e+03]
223     40      [4621.31      5.6775 2130.875 ]                 [1.2079e+04 1.1900e+01 4.0930e+03]
224     40      [4601.78     5.656 2125.625]                    [1.2079e+04 1.1900e+01 4.0930e+03]
225     40      [4601.78      5.6525 2124.245 ]                 [1.2079e+04 1.1900e+01 4.0930e+03]
226     40      [4649.15     5.732 2144.69 ]                    [1.2079e+04 1.1900e+01 4.0930e+03]
227     40      [4677.36      5.7675 2156.73  ]                 [1.2079e+04 1.1900e+01 4.0930e+03]
228     40      [4691.565     5.7785 2162.105 ]                 [1.2079e+04 1.1900e+01 4.0930e+03]
229     40      [4697.57     5.803 2167.935]                    [1.2079e+04 1.1900e+01 4.0930e+03]
230     40      [4651.985    5.748 2150.485]                    [1.2079e+04 1.1900e+01 4.0930e+03]
231     40      [4482.865    5.616 2106.945]                    [1.2079e+04 1.1900e+01 4.0930e+03]
232     40      [4513.405    5.639 2115.385]                    [1.2079e+04 1.1900e+01 4.0930e+03]
233     40      [4534.88     5.658 2123.315]                    [1.2079e+04 1.1900e+01 4.0930e+03]
234     40      [4533.14      5.6495 2120.34  ]                 [1.2079e+04 1.1900e+01 4.0930e+03]
235     40      [4536.57     5.656 2121.925]                    [1.2079e+04 1.1900e+01 4.0930e+03]
236     40      [4353.035    5.517 2080.03 ]                    [1.2079e+04 1.1900e+01 4.0930e+03]
237     40      [4358.92     5.528 2086.42 ]                    [1.2079e+04 1.1900e+01 4.0930e+03]
238     40      [4339.44      5.5125 2078.485 ]                 [1.2079e+04 1.1900e+01 4.0930e+03]
239     40      [4345.355     5.4835 2071.815 ]                 [1.2079e+04 1.1900e+01 4.0930e+03]
240     40      [4372.87      5.5275 2081.475 ]                 [1.2079e+04 1.1900e+01 4.0930e+03]
241     40      [4444.58     5.609 2107.53 ]                    [1.2079e+04 1.1900e+01 4.0930e+03]
242     40      [4423.03     5.577 2100.235]                    [1.2079e+04 1.1900e+01 4.0930e+03]
243     40      [4372.29     5.52  2082.955]                    [1.2079e+04 1.1900e+01 4.0930e+03]
244     40      [4355.125     5.5265 2085.185 ]                 [1.2079e+04 1.1900e+01 4.0930e+03]
245     40      [4409.225    5.59  2106.16 ]                    [1.2079e+04 1.1900e+01 4.0930e+03]
246     40      [4393.805     5.5825 2103.595 ]                 [1.2079e+04 1.1900e+01 4.0930e+03]
247     40      [4445.985    5.658 2125.43 ]                    [1.2079e+04 1.1900e+01 4.0930e+03]
248     40      [4481.36     5.675 2134.515]                    [1.2079e+04 1.1900e+01 4.0930e+03]
249     40      [4457.175    5.653 2126.255]                    [1.2079e+04 1.1900e+01 4.0930e+03]
250     40      [4548.61      5.7525 2161.44  ]                 [1.2079e+04 1.1900e+01 4.0930e+03]
251     40      [4526.35      5.7175 2151.38  ]                 [1.2079e+04 1.1900e+01 4.0930e+03]
252     40      [4487.945    5.666 2138.29 ]                    [1.2079e+04 1.1900e+01 4.0930e+03]
253     40      [4489.55     5.659 2135.785]                    [1.2079e+04 1.1900e+01 4.0930e+03]
254     40      [4459.215    5.613 2121.25 ]                    [1.2079e+04 1.1900e+01 4.0930e+03]
255     40      [4503.265     5.6545 2136.335 ]                 [1.2079e+04 1.1900e+01 4.0930e+03]
256     40      [4447.455    5.576 2113.08 ]                    [1.2079e+04 1.1900e+01 4.0930e+03]
257     40      [4453.05     5.578 2113.925]                    [1.2079e+04 1.1900e+01 4.0930e+03]
258     40      [4458.78      5.5895 2118.08  ]                 [1.2079e+04 1.1900e+01 4.0930e+03]
259     40      [4475.295    5.6   2123.745]                    [1.2079e+04 1.1900e+01 4.0930e+03]
260     40      [4368.62     5.501 2085.515]                    [1.2079e+04 1.1900e+01 4.0930e+03]
261     40      [4351.43     5.519 2089.975]                    [1.2079e+04 1.1900e+01 4.0930e+03]
262     40      [4456.43      5.6425 2126.15  ]                 [1.2079e+04 1.1900e+01 4.0930e+03]
263     40      [4386.46     5.591 2110.03 ]                    [1.2079e+04 1.1900e+01 4.0930e+03]
264     40      [4439.085    5.648 2128.065]                    [1.2079e+04 1.1900e+01 4.0930e+03]
265     40      [4436.105    5.64  2124.625]                    [1.2079e+04 1.1900e+01 4.0930e+03]
266     40      [4437.52      5.6505 2127.83  ]                 [1.2079e+04 1.1900e+01 4.0930e+03]
267     40      [4401.62     5.622 2117.885]                    [1.2079e+04 1.1900e+01 4.0930e+03]
268     40      [4350.93     5.541 2087.75 ]                    [1.2079e+04 1.1900e+01 4.0930e+03]
269     40      [4234.545    5.398 2040.465]                    [1.2079e+04 1.1900e+01 4.0930e+03]
270     40      [4254.475    5.425 2056.125]                    [1.2079e+04 1.1900e+01 4.0930e+03]
271     40      [4138.295     5.2935 2020.26  ]                 [1.2079e+04 1.1900e+01 4.0930e+03]
272     40      [4211.8       5.3705 2045.645 ]                 [1.2079e+04 1.1900e+01 4.0930e+03]
273     40      [4260.235    5.429 2069.49 ]                    [1.2079e+04 1.1900e+01 4.0930e+03]
274     40      [4296.4      5.469 2084.47 ]                    [1.2079e+04 1.1900e+01 4.0930e+03]
275     40      [4289.15      5.4685 2084.83  ]                 [1.2079e+04 1.1900e+01 4.0930e+03]
276     40      [4337.32      5.4885 2097.585 ]                 [1.2079e+04 1.1900e+01 4.0930e+03]
277     40      [4353.54     5.467 2091.615]                    [1.2079e+04 1.1900e+01 4.0930e+03]
278     40      [4255.51      5.3705 2063.335 ]                 [1.2079e+04 1.1900e+01 4.0930e+03]
279     40      [4208.865    5.292 2039.84 ]                    [1.2079e+04 1.1900e+01 4.0930e+03]
280     40      [4274.915    5.359 2066.185]                    [1.2079e+04 1.1900e+01 4.0930e+03]
281     40      [4285.875    5.365 2068.   ]                    [1.2079e+04 1.1900e+01 4.0930e+03]
282     40      [4246.305    5.352 2061.44 ]                    [1.2079e+04 1.1900e+01 4.0930e+03]
283     40      [4259.265    5.373 2069.95 ]                    [1.2079e+04 1.1900e+01 4.0930e+03]
284     40      [4324.345     5.4535 2096.51  ]                 [1.2079e+04 1.1900e+01 4.0930e+03]
285     40      [4335.785     5.4555 2097.08  ]                 [1.2079e+04 1.1900e+01 4.0930e+03]
286     40      [4302.105    5.396 2081.425]                    [1.2079e+04 1.1900e+01 4.0930e+03]
287     40      [4291.86     5.358 2074.51 ]                    [1.2079e+04 1.1900e+01 4.0930e+03]
288     40      [4332.115     5.3815 2084.535 ]                 [1.2079e+04 1.1900e+01 4.0930e+03]
289     40      [4384.03     5.411 2096.58 ]                    [1.2079e+04 1.1900e+01 4.0930e+03]
290     40      [4366.425    5.385 2086.06 ]                    [1.2079e+04 1.1900e+01 4.0930e+03]
291     40      [4362.495     5.3545 2084.8   ]                 [1.2079e+04 1.1900e+01 4.0930e+03]
292     40      [4367.91     5.362 2088.975]                    [1.2079e+04 1.1900e+01 4.0930e+03]
293     40      [4380.235     5.3685 2088.9   ]                 [1.2079e+04 1.1900e+01 4.0930e+03]
294     40      [4375.16      5.3625 2087.205 ]                 [1.2079e+04 1.1900e+01 4.0930e+03]
295     40      [4405.76     5.4   2097.025]                    [1.2079e+04 1.1900e+01 4.0930e+03]
296     40      [4433.96      5.4335 2107.015 ]                 [1.2079e+04 1.1900e+01 4.0930e+03]
297     40      [4461.315     5.4695 2119.23  ]                 [1.2079e+04 1.1900e+01 4.0930e+03]
298     40      [4457.77     5.464 2118.375]                    [1.2079e+04 1.1900e+01 4.0930e+03]
299     40      [4478.335    5.508 2133.735]                    [1.2079e+04 1.1900e+01 4.0930e+03]
300     40      [4440.085    5.466 2120.13 ]                    [1.2079e+04 1.1900e+01 4.0930e+03]
301     40      [4312.64      5.3505 2082.08  ]                 [1.2079e+04 1.1900e+01 4.0930e+03]
302     40      [4308.21     5.326 2074.275]                    [1.2079e+04 1.1900e+01 4.0930e+03]
303     40      [4347.7      5.395 2095.735]                    [1.2079e+04 1.1900e+01 4.0930e+03]
304     40      [4312.435    5.368 2083.485]                    [1.2079e+04 1.1900e+01 4.0930e+03]
305     40      [4385.23     5.427 2103.68 ]                    [1.272e+04 1.190e+01 4.093e+03]   
306     40      [4417.27     5.407 2104.58 ]                    [1.272e+04 1.190e+01 4.093e+03]   
307     40      [4437.67     5.437 2113.175]                    [1.272e+04 1.190e+01 4.093e+03]   
308     40      [4500.455    5.522 2136.12 ]                    [1.272e+04 1.190e+01 4.093e+03]   
309     40      [4448.085    5.44  2108.005]                    [1.272e+04 1.190e+01 4.093e+03]   
310     40      [4456.04     5.443 2108.405]                    [1.272e+04 1.190e+01 4.093e+03]   
311     40      [4504.92      5.5195 2133.625 ]                 [1.272e+04 1.190e+01 4.093e+03]   
312     40      [4493.945     5.4905 2126.165 ]                 [1.272e+04 1.190e+01 4.093e+03]   
313     40      [4591.495    5.552 2146.225]                    [1.272e+04 1.190e+01 4.093e+03]   
314     40      [4523.565     5.5095 2131.1   ]                 [1.272e+04 1.190e+01 4.093e+03]   
315     40      [4575.065     5.5465 2142.99  ]                 [1.272e+04 1.190e+01 4.093e+03]   
316     40      [4574.24      5.5455 2147.29  ]                 [1.272e+04 1.190e+01 4.093e+03]   
317     40      [4529.62     5.516 2137.4  ]                    [1.272e+04 1.190e+01 4.093e+03]   
318     40      [4675.57      5.6555 2179.115 ]                 [1.272e+04 1.190e+01 4.093e+03]   
319     40      [4698.845     5.6595 2185.27  ]                 [1.272e+04 1.190e+01 4.093e+03]   
320     40      [4716.415     5.6505 2184.305 ]                 [1.272e+04 1.190e+01 4.093e+03]   
321     40      [4606.305    5.552 2154.67 ]                    [1.272e+04 1.190e+01 4.093e+03]   
322     40      [4597.555     5.5395 2151.59  ]                 [1.272e+04 1.190e+01 4.093e+03]   
323     40      [4512.42      5.5175 2142.68  ]                 [1.272e+04 1.190e+01 4.093e+03]   
324     40      [4533.735     5.5355 2152.53  ]                 [1.272e+04 1.190e+01 4.093e+03]   
325     40      [4558.095     5.5475 2155.95  ]                 [1.272e+04 1.190e+01 4.093e+03]   
326     40      [4599.62     5.612 2175.315]                    [1.272e+04 1.190e+01 4.093e+03]   
327     40      [4594.615     5.6355 2180.71  ]                 [1.272e+04 1.190e+01 4.093e+03]   
328     40      [4604.96      5.6205 2179.17  ]                 [1.272e+04 1.190e+01 4.093e+03]   
329     40      [4593.36     5.614 2175.13 ]                    [1.272e+04 1.190e+01 4.093e+03]   
330     40      [4562.695    5.574 2160.87 ]                    [1.272e+04 1.190e+01 4.093e+03]   
331     40      [4516.        5.5285 2142.64  ]                 [1.272e+04 1.190e+01 4.093e+03]   
332     40      [4549.695    5.583 2162.665]                    [1.272e+04 1.190e+01 4.093e+03]   
333     40      [4626.01     5.652 2185.5  ]                    [1.272e+04 1.190e+01 4.093e+03]   
334     40      [4712.675    5.728 2212.295]                    [1.272e+04 1.190e+01 4.093e+03]   
335     40      [4725.27     5.716 2211.905]                    [1.272e+04 1.190e+01 4.093e+03]   
336     40      [4754.355     5.7745 2227.095 ]                 [1.272e+04 1.190e+01 4.093e+03]   
337     40      [4737.345    5.754 2216.85 ]                    [1.272e+04 1.190e+01 4.093e+03]   
338     40      [4715.35     5.728 2207.67 ]                    [1.272e+04 1.190e+01 4.093e+03]   
339     40      [4778.815     5.8075 2233.37  ]                 [1.272e+04 1.190e+01 4.093e+03]   
340     40      [4757.285     5.7955 2230.135 ]                 [1.272e+04 1.190e+01 4.093e+03]   
341     40      [4752.75      5.7715 2226.26  ]                 [1.272e+04 1.190e+01 4.093e+03]   
342     40      [4780.8       5.7675 2226.515 ]                 [1.272e+04 1.190e+01 4.093e+03]   
343     40      [4846.715    5.818 2245.135]                    [1.272e+04 1.190e+01 4.093e+03]   
344     40      [4884.78      5.7965 2241.17  ]                 [1.272e+04 1.190e+01 4.093e+03]   
345     40      [4794.78      5.7285 2216.27  ]                 [1.1917e+04 1.1900e+01 4.1470e+03]
346     40      [4877.445    5.79  2239.945]                    [1.1917e+04 1.1900e+01 4.1470e+03]
347     40      [4966.33      5.8245 2254.215 ]                 [1.1917e+04 1.1900e+01 4.1470e+03]
348     40      [4947.82      5.8295 2257.16  ]                 [1.1917e+04 1.1900e+01 4.1470e+03]
349     40      [4910.035    5.771 2239.095]                    [1.1917e+04 1.1900e+01 4.1470e+03]
350     40      [4900.925    5.784 2244.28 ]                    [1.1917e+04 1.1900e+01 4.1470e+03]
351     40      [4942.365     5.7975 2251.655 ]                 [1.1917e+04 1.1900e+01 4.1470e+03]
352     40      [4935.08      5.7965 2250.27  ]                 [1.1917e+04 1.1900e+01 4.1470e+03]
353     40      [4999.69      5.8685 2271.835 ]                 [1.1917e+04 1.1900e+01 4.1470e+03]
354     40      [4960.765    5.851 2262.915]                    [1.1917e+04 1.1900e+01 4.1470e+03]
355     40      [4966.51     5.851 2262.305]                    [1.1917e+04 1.1900e+01 4.1470e+03]
356     40      [4984.34      5.8495 2264.845 ]                 [1.1917e+04 1.1900e+01 4.1470e+03]
357     40      [4983.3      5.837 2261.47 ]                    [1.1917e+04 1.1900e+01 4.1470e+03]
358     40      [4986.365    5.845 2264.895]                    [1.1917e+04 1.1900e+01 4.1470e+03]
359     40      [4964.015    5.834 2265.245]                    [1.1917e+04 1.1900e+01 4.1470e+03]
360     40      [4973.76     5.825 2266.18 ]                    [1.1917e+04 1.1900e+01 4.1470e+03]
361     40      [4955.25      5.8065 2259.92  ]                 [1.1917e+04 1.1900e+01 4.1470e+03]
362     40      [4976.155     5.8265 2266.39  ]                 [1.1917e+04 1.1900e+01 4.1470e+03]
363     40      [4923.895    5.747 2247.035]                    [1.1917e+04 1.1900e+01 4.1470e+03]
364     40      [4885.82      5.6785 2226.295 ]                 [1.1917e+04 1.1900e+01 4.1470e+03]
365     40      [4847.345    5.682 2222.305]                    [1.1917e+04 1.1900e+01 4.1470e+03]
366     40      [4857.295     5.6955 2226.51  ]                 [1.1917e+04 1.1900e+01 4.1470e+03]
367     40      [4939.68     5.8   2261.155]                    [1.1917e+04 1.1900e+01 4.1470e+03]
368     40      [4919.755     5.7715 2252.745 ]                 [1.1917e+04 1.1900e+01 4.1470e+03]
369     40      [4758.3     5.63 2204.46]                       [1.1917e+04 1.1900e+01 4.1470e+03]
370     40      [4770.505     5.6475 2212.21  ]                 [1.1917e+04 1.1900e+01 4.1470e+03]
371     40      [4559.08     5.442 2150.725]                    [1.1917e+04 1.1900e+01 4.1470e+03]
372     40      [4557.955     5.4315 2150.54  ]                 [1.1917e+04 1.1900e+01 4.1470e+03]
373     40      [4572.425     5.4575 2158.565 ]                 [1.1917e+04 1.1900e+01 4.1470e+03]
374     40      [4661.545     5.5305 2189.265 ]                 [1.1917e+04 1.1900e+01 4.1470e+03]
375     40      [4657.985    5.541 2185.275]                    [1.1917e+04 1.1900e+01 4.1470e+03]
376     40      [4664.       5.573 2192.48 ]                    [1.1917e+04 1.1900e+01 4.1470e+03]
377     40      [4671.66      5.5965 2201.605 ]                 [1.1917e+04 1.1900e+01 4.1470e+03]
378     40      [4753.16      5.6925 2231.91  ]                 [1.1917e+04 1.1900e+01 4.1470e+03]
379     40      [4780.92      5.7405 2248.415 ]                 [1.1917e+04 1.1900e+01 4.1470e+03]
380     40      [4820.405     5.7775 2261.19  ]                 [1.1917e+04 1.1900e+01 4.1470e+03]
381     40      [4817.75     5.764 2258.72 ]                    [1.1917e+04 1.1900e+01 4.1470e+03]
382     40      [4851.57      5.7805 2268.87  ]                 [1.1917e+04 1.1900e+01 4.1470e+03]
383     40      [4817.12      5.7435 2256.18  ]                 [1.1917e+04 1.1900e+01 4.1470e+03]
384     40      [4819.575     5.7405 2257.285 ]                 [1.1917e+04 1.1900e+01 4.1470e+03]
385     40      [4850.065    5.737 2263.96 ]                    [1.1917e+04 1.1900e+01 4.1470e+03]
386     40      [4572.285     5.5145 2185.575 ]                 [1.1917e+04 1.1900e+01 4.1470e+03]
387     40      [4534.7       5.4585 2169.14  ]                 [1.1917e+04 1.1900e+01 4.1470e+03]
388     40      [4645.65      5.5485 2202.035 ]                 [1.1917e+04 1.1900e+01 4.1470e+03]
389     40      [4698.585    5.626 2227.92 ]                    [1.1917e+04 1.1900e+01 4.1470e+03]
390     40      [4648.58      5.5535 2199.83  ]                 [1.1917e+04 1.1900e+01 4.1470e+03]
391     40      [4672.135    5.591 2211.915]                    [1.1917e+04 1.1900e+01 4.1470e+03]
392     40      [4670.02      5.5955 2212.69  ]                 [1.1917e+04 1.1900e+01 4.1470e+03]
393     40      [4683.445    5.593 2214.985]                    [1.1917e+04 1.1900e+01 4.2180e+03]
394     40      [4657.82     5.586 2211.21 ]                    [1.1917e+04 1.1900e+01 4.2180e+03]
395     40      [4681.91     5.628 2224.105]                    [1.1917e+04 1.1900e+01 4.2180e+03]
396     40      [4697.46     5.665 2234.74 ]                    [1.1917e+04 1.1900e+01 4.2180e+03]
397     40      [4736.95     5.704 2251.76 ]                    [1.1917e+04 1.1900e+01 4.2180e+03]
398     40      [4789.145    5.762 2271.43 ]                    [1.1917e+04 1.1900e+01 4.2180e+03]
399     40      [4787.695    5.759 2268.545]                    [1.1917e+04 1.1900e+01 4.2180e+03]
400     40      [4785.77      5.7505 2266.24  ]                 [1.1917e+04 1.1900e+01 4.2180e+03]
401     40      [4825.25     5.756 2270.48 ]                    [1.1917e+04 1.1900e+01 4.2180e+03]
402     40      [4772.8      5.695 2246.08 ]                    [1.1917e+04 1.1900e+01 4.2180e+03]
403     40      [4872.02     5.755 2271.9  ]                    [1.1917e+04 1.1900e+01 4.2180e+03]
404     40      [4811.47      5.7015 2253.87  ]                 [1.1917e+04 1.1900e+01 4.2180e+03]
405     40      [4809.535    5.707 2255.79 ]                    [1.1917e+04 1.1900e+01 4.2180e+03]
406     40      [4820.95      5.7085 2256.72  ]                 [1.1917e+04 1.1900e+01 4.2180e+03]
407     40      [4779.805     5.6685 2244.31  ]                 [1.1917e+04 1.1900e+01 4.2180e+03]
408     40      [4810.045     5.7155 2265.725 ]                 [1.1917e+04 1.1900e+01 4.2180e+03]
409     40      [4850.33     5.732 2271.705]                    [1.1933e+04 1.1900e+01 4.2180e+03]
410     40      [4864.715     5.7405 2274.55  ]                 [1.1933e+04 1.1900e+01 4.2180e+03]
411     40      [4825.57      5.7105 2267.44  ]                 [1.1933e+04 1.1900e+01 4.2180e+03]
412     40      [4906.82     5.791 2298.83 ]                    [1.1933e+04 1.1900e+01 4.2180e+03]
413     40      [4883.02     5.758 2285.865]                    [1.1933e+04 1.1900e+01 4.2180e+03]
414     40      [4833.83      5.7015 2263.45  ]                 [1.1933e+04 1.1900e+01 4.2180e+03]
415     40      [4826.71      5.6945 2260.08  ]                 [1.1933e+04 1.1900e+01 4.2180e+03]
416     40      [4888.81     5.732 2277.405]                    [1.1933e+04 1.1900e+01 4.2180e+03]
417     40      [4869.91     5.723 2274.845]                    [1.1933e+04 1.1900e+01 4.2180e+03]
418     40      [4852.575    5.697 2266.06 ]                    [1.1933e+04 1.1900e+01 4.2180e+03]
419     40      [4739.285     5.5565 2230.38  ]                 [1.1933e+04 1.1900e+01 4.2180e+03]
420     40      [4784.005     5.5965 2246.62  ]                 [1.1933e+04 1.1900e+01 4.2180e+03]
421     40      [4773.92      5.5725 2238.19  ]                 [1.1933e+04 1.1900e+01 4.2180e+03]
422     40      [4698.535     5.5105 2216.34  ]                 [1.1933e+04 1.1900e+01 4.2180e+03]
423     40      [4690.395    5.5   2214.225]                    [1.1933e+04 1.1900e+01 4.2180e+03]
424     40      [4699.735    5.487 2211.885]                    [1.1933e+04 1.1900e+01 4.2180e+03]
425     40      [4704.105    5.499 2213.305]                    [1.1933e+04 1.1900e+01 4.2180e+03]
426     40      [4722.13     5.511 2223.785]                    [1.1933e+04 1.1900e+01 4.2180e+03]
427     40      [4707.77     5.484 2214.385]                    [1.1933e+04 1.1900e+01 4.2180e+03]
428     40      [4752.41      5.4855 2222.05  ]                 [1.1933e+04 1.1900e+01 4.2180e+03]
429     40      [4741.745    5.485 2219.645]                    [1.1933e+04 1.1900e+01 4.2180e+03]
430     40      [4750.62      5.4795 2220.295 ]                 [1.1933e+04 1.1900e+01 4.2180e+03]
431     40      [4828.16     5.556 2248.55 ]                    [1.2765e+04 1.2000e+01 4.5070e+03]
432     40      [4808.705     5.5305 2235.285 ]                 [1.2765e+04 1.2000e+01 4.5070e+03]
433     40      [4871.835     5.6015 2263.335 ]                 [1.2765e+04 1.2000e+01 4.5070e+03]
434     40      [4892.57     5.624 2272.735]                    [1.2765e+04 1.2000e+01 4.5070e+03]
435     40      [4874.395     5.5975 2259.695 ]                 [1.2765e+04 1.2000e+01 4.5070e+03]
436     40      [4922.825     5.6365 2274.445 ]                 [1.2765e+04 1.2000e+01 4.5070e+03]
437     40      [4935.375    5.648 2279.64 ]                    [1.2765e+04 1.2000e+01 4.5070e+03]
438     40      [4929.605     5.6335 2270.225 ]                 [1.2765e+04 1.2000e+01 4.5070e+03]
439     40      [4931.78     5.648 2276.29 ]                    [1.2765e+04 1.2000e+01 4.5070e+03]
440     40      [4776.805     5.5295 2236.795 ]                 [1.2765e+04 1.2000e+01 4.5070e+03]
441     40      [4786.02     5.52  2231.035]                    [1.2765e+04 1.2000e+01 4.5070e+03]
442     40      [4798.255    5.541 2239.965]                    [1.2765e+04 1.2000e+01 4.5070e+03]
443     40      [4834.105     5.5905 2253.56  ]                 [1.2765e+04 1.2000e+01 4.5070e+03]
444     40      [4794.635     5.5635 2243.46  ]                 [1.2765e+04 1.2000e+01 4.5070e+03]
445     40      [4811.04      5.5525 2251.17  ]                 [1.2765e+04 1.2000e+01 4.5070e+03]
446     40      [4781.68     5.531 2240.675]                    [1.2765e+04 1.2000e+01 4.5070e+03]
447     40      [4797.19      5.5395 2247.335 ]                 [1.2765e+04 1.2000e+01 4.5070e+03]
448     40      [4751.42     5.495 2229.45 ]                    [1.2765e+04 1.2000e+01 4.5070e+03]
449     40      [4750.98      5.4915 2227.905 ]                 [1.2765e+04 1.2000e+01 4.5070e+03]
450     40      [4762.535     5.5025 2234.26  ]                 [1.2765e+04 1.2000e+01 4.5070e+03]
451     40      [4758.325    5.523 2237.72 ]                    [1.2765e+04 1.2000e+01 4.5070e+03]
452     40      [4744.7       5.4955 2229.765 ]                 [1.2765e+04 1.2000e+01 4.5070e+03]
453     40      [4844.825     5.5805 2263.05  ]                 [1.2765e+04 1.2000e+01 4.5070e+03]
454     40      [4880.125     5.6025 2273.06  ]                 [1.2765e+04 1.2000e+01 4.5070e+03]
455     40      [4912.04      5.6315 2282.31  ]                 [1.2765e+04 1.2000e+01 4.5070e+03]
456     40      [4898.77     5.599 2267.42 ]                    [1.2765e+04 1.2000e+01 4.5070e+03]
457     40      [4952.46     5.627 2277.795]                    [1.2765e+04 1.2000e+01 4.5070e+03]
458     40      [4947.095    5.631 2278.505]                    [1.2765e+04 1.2000e+01 4.5070e+03]
459     40      [4946.74      5.6225 2276.16  ]                 [1.2765e+04 1.2000e+01 4.5070e+03]
460     40      [4938.635    5.625 2276.295]                    [1.2765e+04 1.2000e+01 4.5070e+03]
461     40      [4931.205    5.631 2276.48 ]                    [1.2765e+04 1.2000e+01 4.5070e+03]
462     40      [5051.42     5.761 2322.325]                    [1.2765e+04 1.2000e+01 4.5070e+03]
463     40      [5135.09     5.811 2338.35 ]                    [1.2765e+04 1.2000e+01 4.5070e+03]
464     40      [5135.48      5.8145 2339.235 ]                 [1.2765e+04 1.2000e+01 4.5070e+03]
465     40      [5176.315    5.87  2359.505]                    [1.2765e+04 1.2000e+01 4.5070e+03]
466     40      [5247.975    5.939 2385.64 ]                    [1.2765e+04 1.2000e+01 4.5070e+03]
467     40      [5229.18     5.926 2376.675]                    [1.2765e+04 1.2000e+01 4.5070e+03]
468     40      [5132.56      5.7935 2338.575 ]                 [1.2765e+04 1.2000e+01 4.5070e+03]
469     40      [5206.135     5.8625 2366.09  ]                 [1.2765e+04 1.2000e+01 4.5070e+03]
470     40      [5195.92      5.8745 2368.975 ]                 [1.2765e+04 1.2000e+01 4.5070e+03]
471     40      [5180.705     5.8735 2364.785 ]                 [1.2765e+04 1.2000e+01 4.5070e+03]
472     40      [4967.86     5.685 2300.435]                    [1.2765e+04 1.2000e+01 4.5070e+03]
473     40      [4997.73      5.6835 2311.165 ]                 [1.2765e+04 1.2000e+01 4.5070e+03]
474     40      [5073.785    5.73  2331.135]                    [1.2765e+04 1.2000e+01 4.5070e+03]
475     40      [5031.34      5.6655 2308.46  ]                 [1.2765e+04 1.2000e+01 4.5070e+03]
476     40      [4941.635    5.607 2284.325]                    [1.2765e+04 1.2000e+01 4.5070e+03]
477     40      [4947.88     5.63  2296.195]                    [1.2765e+04 1.2000e+01 4.5070e+03]
478     40      [4993.715    5.664 2308.415]                    [1.2765e+04 1.2000e+01 4.5070e+03]
479     40      [4973.355    5.648 2298.5  ]                    [1.2765e+04 1.2000e+01 4.5070e+03]
480     40      [4952.36      5.6325 2296.545 ]                 [1.2765e+04 1.2000e+01 4.5070e+03]
481     40      [4964.67      5.6615 2309.89  ]                 [1.2765e+04 1.2000e+01 4.5070e+03]
482     40      [4993.095    5.673 2315.735]                    [1.2765e+04 1.2000e+01 4.5070e+03]
483     40      [5011.715    5.704 2321.375]                    [1.2765e+04 1.2000e+01 4.5070e+03]
484     40      [5088.23     5.758 2346.93 ]                    [1.2765e+04 1.2000e+01 4.5070e+03]
485     40      [5026.09      5.7305 2334.45  ]                 [1.2765e+04 1.2000e+01 4.5070e+03]
486     40      [5013.875     5.7205 2332.58  ]                 [1.2765e+04 1.2000e+01 4.5070e+03]
487     40      [5099.175    5.781 2355.51 ]                    [1.2765e+04 1.2000e+01 4.5070e+03]
488     40      [5088.375    5.798 2358.545]                    [1.2765e+04 1.2000e+01 4.5070e+03]
489     40      [5102.955     5.7935 2361.235 ]                 [1.2765e+04 1.2000e+01 4.5070e+03]
490     40      [5127.53      5.8105 2370.07  ]                 [1.2765e+04 1.2000e+01 4.5070e+03]
491     40      [5171.725    5.831 2381.205]                    [1.2765e+04 1.2000e+01 4.5070e+03]
492     40      [5128.11     5.777 2361.935]                    [1.2765e+04 1.2000e+01 4.5070e+03]
493     40      [5081.045    5.742 2348.505]                    [1.2765e+04 1.2000e+01 4.5070e+03]
494     40      [5083.755    5.772 2360.99 ]                    [1.2765e+04 1.2000e+01 4.5070e+03]
495     40      [5095.615    5.762 2361.79 ]                    [1.2765e+04 1.2000e+01 4.5070e+03]
496     40      [5097.6      5.762 2360.835]                    [1.2765e+04 1.2000e+01 4.5070e+03]
497     40      [5044.065     5.7075 2338.855 ]                 [1.2765e+04 1.2000e+01 4.5070e+03]
498     40      [5075.24      5.7645 2359.955 ]                 [1.2765e+04 1.2000e+01 4.5070e+03]
499     40      [5138.435    5.809 2377.965]                    [1.2765e+04 1.2000e+01 4.5070e+03]
500     40      [5038.865    5.71  2345.525]                    [1.2765e+04 1.2000e+01 4.5070e+03]
